505.247231107
558.670123207
604.315641107
636.736593302
652.736564442
673.385782742
694.99469075
735.356131107
737.138166547
766.804062821
768.87877614
863.451091107
968.14371635
1001.02917586
1049.53040111
1099.96286591
1128.95451412
1143.49340624
1151.5338888
1163.57333111
1262.64174111
1298.50557642
1362.90696658
1391.68433111
1419.86105119
1447.6988239
1494.69352111
1590.09396991
1597.70271111
1621.89133337
1643.349491
1719.76672211
1726.74530111
1734.26521457
1758.53366849
1823.79806111
1951.85664111
1989.58085699
2048.90940111
2069.81472538
2088.91555111
2161.99346111
2203.94249111
2214.93242489
2239.42247444
2279.38596609
2299.05237111
2318.96943111
2367.96598437
2387.79328488
2398.12078111
2427.34661273
2450.00992111
2453.21651639
2469.15789111
2521.33220172
2564.05285111
2570.20557111
2641.24268111
2667.06204111
2712.27979111
2769.30125111
2782.08898111
2796.19270646
2801.99993231
2848.09630505
2853.12609111
2884.62020406
2898.34384111
2900.93731021
2952.19450111
2969.38095111
2981.15523381
3015.61189996
3020.59179067
3023.23161111
3027.00526769
3040.41806111
3101.58372286
3120.28437111
3162.33272073
3196.51917111
3267.55628111
3274.70039622
3279.81660683
3364.60904111