4941.47433211
5055.51726211
5154.58567211
5282.68063211
5438.78174211
5551.86580211
5666.89274211
5753.92477211
5850.97753211
5953.98672211
6011.00818211
6140.05077211
6271.09126211
6358.12329211
6415.14475211
6544.18734211
6691.25575211
6788.30851211
6925.36742211
7056.40791211
7127.44502211
7240.52908211
7396.63019211
7525.67278211
7662.73169211
7765.74088211
7894.78347211
7951.80493211
8137.88424211
8234.93700211
8382.00541211
8495.08947211
8609.13240211
8706.18516211
8803.23792211
8931.29650211
8988.31796211
9135.38637211
9321.46568211
9468.53409211
9596.62905211
9710.67198211
9823.75604211
9936.84010211
10023.8721321
10151.9670921
10251.0355021
10348.0882621
10476.1832221
10563.2152521
10676.2993121
10747.3364221
10860.4204821
10947.4525121
11004.4739721
11132.5689321
11245.6529921
11332.6850221
11460.7436021
11575.7705421
11712.8294521
11875.8927821
11962.9248121
12091.9674021
12206.0103321
12320.0532621
12448.1482221
12577.1908121
12634.2122721
12748.2552021
12862.2981321
12999.3570421
13086.3890721
13185.4574821
13288.4666721
13416.5616321
13529.6456921
13630.6933721
13767.7522821
13953.8315921
14066.9156521
14203.9745621
14332.0331421