13271.4564675
1515.81041876
1586.84752876
1618.81960876
1772.92683876
1774.92071876
1871.97347876
1886.96976876
1974.00179876
1987.00041876
2090.00960876
2111.06070876
2177.04163876
2242.10119876
2292.06857876
2379.16010876
2439.13698876
2466.19213876
2567.23981876
2576.19589876
2654.27184876
2691.22283876
2768.31477876
2788.27559876
2839.35188876
2974.35490876
3002.41521876
3061.38693876
3130.47379876
3174.47099876
3231.49245876
3244.51672876
3359.54366876
3387.59356876
3430.58077876
3444.61502876
3558.67573876
3572.67360876
3686.77069876
3709.73251876
3806.78527876
3814.82927876
3942.92423876
3969.84860876
4097.90718876
4129.00354876
4226.00214876
4244.03048876
4297.03925876
4331.06251876
4453.14036876
4517.14182876
4582.18295876
4654.20073876
4669.21498876
4769.22767876
4784.24192876
4881.29468876
4883.27060876
4994.37874876
5011.36556876
5082.40267876
5180.45805876
5195.48673876
5266.52384876
5308.55301876
5323.54530876
5445.61192876
5451.64026876
5558.69598876
5579.69884876
5676.75160876
5686.75456876
5814.84952876
5832.85271876
5946.89564876
6000.92883876
6074.95422876
6147.99724876
6212.01313876
6219.03435876
6283.05024876
6332.11841876
6412.09283876
6446.16134876
6540.15141876
6602.26245876
6669.19400876
6731.30504876
6825.29511876
6859.36362876
6939.33804876
6988.40621876
7052.42210876
7059.44332876
7123.45921876
7196.50223876
7270.52762876
7324.56081876
7438.60374876
7456.60693876
7584.70189876
7594.70485876
7691.75761876
7712.76047876
7819.81619876
7825.84453876
7947.91115876
7962.90344876
8004.93261876
8075.96972876
8090.99840876
8189.05378876
8260.09089876
8277.07771876
8388.18585876
8390.16177876
8487.21453876
8502.22878876
8602.24147876
8617.25572876
8689.27350876
8754.31463876
8818.31609876
8940.39394876
8974.41720876
9027.42597876
9045.45431876
9142.45291876
9173.54927876
9301.60785876
9328.53222876
9456.62718876
9464.67118876
9561.72394876
9584.68576876
9698.78285876
9712.78072876
9826.84143876
9840.87568876
9883.86289876
9911.91279876
10026.9397388
10039.9640088
10096.9854688
10140.9826688
10210.0695288
10269.0412488
10297.1015588
10432.1045788
10483.1808688
10503.1416888
10580.2336288
10617.1846188
10695.2605688
10704.2166488
10805.2643288
10832.3194788
10892.2963588
10979.3878888
11029.3552688
11094.4148288
11160.3957588
11181.4468588
11284.4560488
11297.4546688
11384.4866988
11399.4829888
11496.5357488
11498.5296288
11652.6368588
11684.6089388
11755.6460488
