851
652 641
378 358
206 8
584 262
460 194
444 365
32 21
473 399
102 23
449 404
23 233
127 412
225 495
633 836
178 86
11 166
804 453
433 282
342 45
108 579
537 389
820 727
164 62
144 626
207 208
49 462
155 111
5 8
141 230
249 807
382 791
363 163
389 683
317 440
84 97
427 322
273 298
73 125
417 641
81 319
16 10
132 145
741 687
803 55
44 570
550 320
96 133
663 46
396 766
144 361
707 561
4 143
545 445
10 5
247 505
302 18
255 211
439 571
408 130
631 811
62 122
734 772
94 20
88 24
523 236
696 416
111 114
1 2
357 372
42 52
218 38
234 334
299 509
710 542
341 247
441 628
94 211
734 233
103 286
310 841
474 349
695 849
11 15
49 364
369 682
338 472
107 95
151 630
196 321
217 149
270 667
130 39
31 24
164 493
504 375
604 464
84 238
355 160
47 11
1 269
830 441
684 491
394 229
826 109
734 744
378 592
317 93
188 27
137 670
393 390
603 655
66 305
116 127
18 5
30 90
777 779
40 324
445 179
542 776
165 757
615 770
432 85
675 40
615 608
144 369
10 66
22 50
513 281
266 30
319 594
120 20
7 85
28 5
45 93
480 635
59 693
265 694
354 14
33 362
300 136
405 114
282 261
122 528
638 214
786 73
84 245
207 379
67 100
141 242
564 300
266 735
196 501
157 154
381 95
197 349
479 208
484 132
656 799
147 323
157 582
34 492
70 12
163 555
457 497
262 213
47 229
580 420
817 417
209 268
34 588
75 109
806 735
194 368
801 17
151 533
367 337
16 261
21 9
168 388
243 780
144 116
3 30
787 240
574 102
264 463
2 78
397 310
556 601
226 129
66 80
143 175
301 274
383 458
660 256
349 824
416 283
336 107
264 188
89 48
651 109
232 195
678 95
163 716
351 46
3 4
145 532
672 635
508 777
156 94
424 232
76 106
591 357
8 112
179 67
112 475
333 700
789 148
54 12
350 729
91 18
469 46
785 85
435 650
446 522
415 144
455 5
331 138
29 81
400 371
50 67
229 335
93 425
140 200
782 616
14 486
334 769
546 96
771 169
576 321
689 249
608 171
142 446
43 18
128 159
118 44
143 539
13 248
136 259
109 146
239 270
95 311
276 186
327 815
90 246
315 73
339 442
125 742
7 173
160 153
5 105
597 476
238 290
133 309
60 79
258 44
196 129
624 254
357 471
265 370
632 814
125 167
201 606
705 39
636 249
717 454
29 131
29 16
287 37
172 404
274 246
296 243
69 4
636 646
98 62
11 64
34 28
201 203
190 267
613 511
45 819
469 552
420 714
142 704
380 51
96 327
798 495
58 16
43 420
728 261
745 28
469 671
214 810
697 847
751 622
288 11
845 2
126 602
365 187
231 281
708 422
284 133
26 153
65 4
575 213
213 21
648 3
68 333
633 350
199 451
45 31
761 453
816 155
199 97
15 26
578 435
121 148
152 151
64 435
542 51
547 372
165 755
100 685
279 16
198 104
557 429
557 687
692 283
41 280
402 232
549 324
189 84
1 177
466 212
524 581
129 429
697 138
644 679
63 162
307 57
236 719
42 2
398 167
410 767
193 70
389 103
423 252
426 420
11 161
439 31
77 21
289 149
171 50
428 291
149 517
275 187
153 168
52 63
26 41
312 294
730 257
22 4
575 795
10 37
409 396
750 508
720 165
8 11
48 26
53 21
336 586
68 560
431 152
163 250
240 180
130 271
55 54
778 120
210 587
79 746
119 51
215 722
16 40
26 600
105 562
805 621
637 731
614 560
14 111
840 655
185 74
187 20
30 68
40 151
738 144
84 78
339 450
15 17
120 599
252 257
252 265
338 846
521 315
506 24
794 406
253 252
93 765
12 2
821 395
320 10
269 531
560 762
248 665
561 193
718 212
610 467
79 225
436 317
649 703
190 406
113 98
625 55
129 343
29 149
347 543
441 612
396 70
385 640
571 759
7 62
50 674
707 760
138 113
168 347
205 48
295 172
12 19
302 407
93 346
15 57
227 724
656 797
464 396
104 739
147 209
7 9
215 508
181 144
69 627
299 291
511 184
1 6
727 653
386 519
218 356
71 1
818 1
23 33
183 186
447 195
216 183
378 737
303 123
743 381
326 178
22 134
30 61
768 369
142 223
569 536
227 177
708 740
291 9
141 800
710 715
184 106
22 136
94 823
459 139
414 134
62 593
351 357
80 251
224 183
147 88
332 70
119 310
198 681
293 494
87 19
33 39
602 649
278 232
278 661
21 456
220 256
60 385
28 350
423 596
609 453
126 239
669 310
422 264
538 10
556 381
45 827
3 1
345 178
26 763
454 457
148 559
106 483
143 339
174 96
737 753
544 234
620 596
118 848
215 17
629 546
110 673
411 645
524 23
247 238
194 189
3 220
10 14
241 229
657 92
197 51
5 1
788 453
272 82
59 150
304 100
775 512
27 49
530 250
59 24
388 470
748 725
632 59
554 234
664 660
292 113
234 192
69 634
54 384
137 85
386 373
413 330
491 361
183 498
359 223
558 147
104 487
110 102
210 71
414 653
395 234
358 278
480 147
33 72
238 293
403 65
691 191
24 838
165 108
512 81
197 603
20 13
143 204
154 111
709 93
347 607
24 18
270 790
127 192
339 617
80 99
399 337
556 573
284 516
92 22
135 219
698 242
525 115
382 125
86 128
267 366
676 200
622 752
310 616
112 231
851 543
426 725
214 63
252 162
598 559
129 88
179 237
314 476
294 100
325 417
485 123
713 712
680 475
182 57
438 21
2 101
481 623
96 46
13 11
318 300
132 28
302 383
240 467
155 191
213 813
74 140
260 194
283 488
828 246
325 658
622 257
264 401
499 236
49 117
410 303
122 314
283 95
688 467
94 249
749 525
352 453
566 122
369 642
228 654
392 352
563 282
812 199
149 503
24 235
781 713
6 121
536 229
567 318
93 338
568 314
562 833
758 668
492 548
829 395
116 107
41 353
59 595
241 809
139 104
85 141
490 112
659 633
553 528
500 461
83 61
150 163
50 605
375 387
337 371
644 455
706 571
611 822
266 313
180 34
639 268
589 278
831 108
24 374
97 784
774 386
25 10
374 502
254 212
316 220
20 27
12 618
25 158
388 441
559 747
123 135
282 337
701 600
352 224
75 510
643 470
472 699
506 754
721 329
423 534
103 329
377 221
391 140
308 144
325 27
577 151
29 44
565 424
39 51
505 783
199 842
108 75
576 585
437 363
244 153
478 291
452 47
23 123
631 242
411 71
56 481
647 165
695 68
443 352
572 711
79 322
360 34
376 368
515 137
265 419
6 56
285 92
45 86
198 390
35 9
28 172
4 520
209 222
514 239
147 183
344 590
226 808
152 421
425 619
201 77
677 226
277 86
118 518
229 733
468 64
344 489
778 835
69 373
304 306
477 199
702 525
621 483
273 64
299 793
115 87
38 20
89 195
68 844
75 60
23 541
297 231
605 773
724 736
190 221
187 527
822 850
10 82
73 6
585 756
496 430
583 184
418 305
3 124
59 454
228 29
610 666
17 23
32 103
686 119
726 485
84 792
7 348
32 126
291 434
551 104
832 287
60 74
448 102
148 340
732 278
450 662
558 712
78 344
375 137
190 134
105 236
36 6
263 165
104 57
834 632
76 3
315 572
380 843
33 430
169 39
176 31
39 95
4 46
212 33
151 690
166 170
764 475
4 330
66 142
79 328
546 668
507 422
825 209
